Epoch	AverageEpRet	StdEpRet	MaxEpRet	MinEpRet	AverageEpCost	StdEpCost	MaxEpCost	MinEpCost	EpLen	CumulativeCost	LogCumulativeCost	CostRate	AverageEpSurrCost	StdEpSurrCost	MaxEpSurrCost	MinEpSurrCost	CumulativeSurrCost	LogCumulativeSurrCost	SurrCostRate	CumulativeViolations	LogCumulativeViolations	ViolationRate	AverageTestEpRet	StdTestEpRet	MaxTestEpRet	MinTestEpRet	AverageTestEpCost	StdTestEpCost	MaxTestEpCost	MinTestEpCost	TestEpLen	Penalty	LogPenalty	AverageVVals	StdVVals	MaxVVals	MinVVals	AverageVcVals	StdVcVals	MaxVcVals	MinVcVals	LossPi	DeltaLossPi	LossV	LossVC	DeltaLossV	DeltaLossVC	Entropy	KL	ClipFrac	StopIter	Time	TotalEnvInteracts
0	-1.0469664	2.4729197	0.4696083	-11.974475	0.0	0.0	0.0	0.0	500.0	0.0	-inf	0.0	1.0	0.0	1.0	1.0	52.0	1.7160033	0.8666667	0.0	-inf	0.0	-1.7256502	0.13925977	-1.5330613	-1.9202292	1.0	0.0	1.0	1.0	127.5	2.0	0.3010299956639812	-0.059572827	0.104950786	0.16268213	-0.2912256	0.20881324	0.09730425	0.44298494	0.0	-0.0013813162	-0.018814087	0.5632347	62.581875	-0.103698015	-8.01944	1.3813143	0.011754689	0.12875	79.0	5.13955020904541	4000
1	-0.87662	3.3594122	3.7713263	-18.389877	0.0	0.0	0.0	0.0	500.0	0.0	-inf	0.0	1.0	0.0	1.0	1.0	92.0	1.9637878	0.88461536	0.0	-inf	0.0	3.0738654	0.07320273	3.2183921	2.989017	1.0	0.0	1.0	1.0	236.375	2.0	0.3010299956639812	-0.37389728	0.31533295	0.45709673	-1.1252127	8.888105	1.034315	9.730894	1.9256334	-0.0013807472	-0.014485385	0.5787866	50.471897	-0.10873857	-6.8045387	1.3807104	0.012937129	0.116	79.0	10.188050985336304	8000
2	-0.083955966	3.4516954	11.022762	-5.578714	0.0	0.0	0.0	0.0	500.0	0.0	-inf	0.0	1.0	0.0	1.0	1.0	112.0	2.049218	0.875	0.0	-inf	0.0	2.4057777	0.022479586	2.4449606	2.3838837	1.0	0.0	1.0	1.0	333.625	2.0	0.3010299956639812	-0.21125647	0.37748522	1.0801674	-1.2799314	16.07365	1.5353507	16.457647	0.0	-0.0013782941	-0.014060058	0.71035576	27.888958	-0.12520388	-1.5346656	1.3783194	0.011408538	0.10225	79.0	15.036164045333862	12000
3	1.63024	6.40422	14.668051	-10.729379	0.0	0.0	0.0	0.0	500.0	0.0	-inf	0.0	1.0	0.0	1.0	1.0	127.0	2.1038036	0.8639456	0.0	-inf	0.0	-0.070631005	0.008205436	-0.059350897	-0.08510525	0.0	0.0	0.0	0.0	500.0	2.0	0.3010299956639812	-0.25225064	0.3044724	0.701626	-1.0660392	19.481258	0.74030614	19.747675	12.573531	-0.0013240455	-0.014454327	1.3536892	22.051506	-0.1608171	-0.19845295	1.3240373	0.013243114	0.11675	79.0	19.87034034729004	16000
4	1.2941686	4.09973	11.244872	-4.258689	0.0	0.0	0.0	0.0	500.0	0.0	-inf	0.0	1.0	0.0	1.0	1.0	137.0	2.1367207	0.8509317	0.0	-inf	0.0	-0.025935177	0.004948171	-0.018925935	-0.03281273	0.0	0.0	0.0	0.0	500.0	2.0	0.3010299956639812	0.117423594	0.37965763	0.7700222	-0.84392005	20.486425	0.088446684	20.565493	19.849365	-0.0013376903	-0.015713826	0.61638784	19.026838	-0.15101814	-0.33168364	1.3376863	0.012374666	0.108500004	79.0	24.326778411865234	20000
5	1.0038538	3.2691264	6.5347943	-2.652122	0.0	0.0	0.0	0.0	500.0	0.0	-inf	0.0	0.5	0.5	1.0	0.0	141.0	2.149219	0.8197674	0.0	-inf	0.0	0.021426352	0.005438962	0.029992858	0.01413857	0.0	0.0	0.0	0.0	500.0	2.0	0.3010299956639812	-0.0049733007	0.42216745	0.94596416	-0.8021979	18.84131	0.06489996	18.892807	17.679178	-0.0013067275	-0.014398081	0.5104362	15.671429	-0.099988334	-3.1988094	1.3067542	0.015042393	0.13725	63.0	28.582789421081543	24000
6	0.08016303	3.1886368	4.0942097	-7.8355536	0.0	0.0	0.0	0.0	500.0	0.0	-inf	0.0	0.6666667	0.47140452	1.0	0.0	147.0	2.1673174	0.7945946	0.0	-inf	0.0	-0.027279228	0.004900519	-0.019392451	-0.033450224	0.0	0.0	0.0	0.0	500.0	2.0	0.3010299956639812	-0.03434668	0.30428892	0.77844375	-0.77407944	13.27583	0.055755075	13.344504	12.880624	-0.0013198331	-0.0069338717	0.2846054	14.968487	-0.11413706	-1.0845397	1.319816	0.015320767	0.14649999	20.0	32.67408204078674	28000
7	0.471232	1.9818841	5.4661355	-1.2064682	0.0	0.0	0.0	0.0	500.0	0.0	-inf	0.0	0.125	0.3307189	1.0	0.0	148.0	2.1702616	0.7628866	0.0	-inf	0.0	0.004367243	0.009168223	0.016372956	-0.008869254	0.0	0.0	0.0	0.0	500.0	2.0	0.3010299956639812	-0.072886065	0.46816933	0.84318846	-1.4492809	9.793414	0.15722314	9.946269	7.870478	-0.0011873506	-0.009660292	0.17291865	8.52715	-0.07493607	-4.8417473	1.187312	0.017367788	0.103750005	5.0	36.435200691223145	32000
8	-0.059649993	0.53290075	1.04179	-0.63185394	0.0	0.0	0.0	0.0	500.0	0.0	-inf	0.0	0.0	0.0	0.0	0.0	148.0	2.1702616	0.7326733	0.0	-inf	0.0	0.051457148	0.011332287	0.0666662	0.030967318	0.0	0.0	0.0	0.0	500.0	2.0	0.3010299956639812	0.036339607	0.2597754	0.8933402	-0.45044693	2.2631822	1.0895962	3.6131165	0.0	-0.0011297427	-0.012384439	0.046473738	1.5513127	-0.031306446	-1.3858068	1.1296744	0.011963714	0.148	79.0	40.23397731781006	36000
9	-0.26252082	0.894892	1.821649	-1.2181448	0.0	0.0	0.0	0.0	500.0	0.0	-inf	0.0	0.0	0.0	0.0	0.0	148.0	2.1702616	0.7047619	0.0	-inf	0.0	0.61231875	0.01263523	0.6329715	0.5945512	0.0	0.0	0.0	0.0	500.0	2.0	0.3010299956639812	0.02319011	0.12157549	0.45227963	-0.30529284	0.23801239	0.15519758	0.8666111	0.0	-0.0012150928	-0.007175197	0.06319961	0.036262617	-0.027817108	-0.032773517	1.2151159	0.01585407	0.24875	7.0	44.00713038444519	40000
10	-0.0644567	4.52422	8.414917	-7.480191	0.0	0.0	0.0	0.0	500.0	0.0	-inf	0.0	0.75	0.4330127	1.0	0.0	157.0	2.1958997	0.69777775	0.0	-inf	0.0	1.2717927	0.012603745	1.2944689	1.2476499	1.0	0.0	1.0	1.0	480.125	2.0	0.3010299956639812	-0.114434995	0.30357748	0.6930222	-0.92948925	0.10046882	0.1040129	0.53436875	0.0	-0.0015378781	-0.008260246	1.0199836	18.916737	-0.2756363	-0.3507674	1.537894	0.01763073	0.19125	5.0	48.29991960525513	44000
11	2.4984033	4.1587453	10.938085	-1.0344405	0.0	0.0	0.0	0.0	500.0	0.0	-inf	0.0	0.90909094	0.2874798	1.0	0.0	167.0	2.2227166	0.6958333	0.0	-inf	0.0	0.6720067	0.017773766	0.69166356	0.6349896	0.0	0.0	0.0	0.0	500.0	2.0	0.3010299956639812	-0.03796892	0.45748362	0.87302536	-0.9418569	1.6754892	0.39496458	2.3794513	0.7793313	-0.0015447363	-0.0020364244	0.8887688	21.07922	-0.24050331	-0.722456	1.5447428	0.016108792	0.16	4.0	52.89125680923462	48000
12	3.9549544	4.0409584	9.4903	-2.4731605	0.0	0.0	0.0	0.0	500.0	0.0	-inf	0.0	0.5555556	0.49690402	1.0	0.0	172.0	2.2355285	0.6798419	0.0	-inf	0.0	0.5071219	0.024066554	0.5403236	0.46839723	0.0	0.0	0.0	0.0	500.0	2.0	0.3010299956639812	0.12399502	0.5533814	1.1459159	-1.0294529	4.5891523	0.568804	4.9649534	1.6821374	-0.0015242808	-0.002519357	0.6377603	11.519539	-0.09940267	-0.43706512	1.5242888	0.0167957	0.11925	5.0	57.219746828079224	52000
13	5.3171473	3.652815	13.55379	2.5438395	0.0	0.0	0.0	0.0	500.0	0.0	-inf	0.0	0.375	0.48412293	1.0	0.0	175.0	2.243038	0.6628788	0.0	-inf	0.0	0.44570026	0.034965545	0.48292354	0.39709365	0.0	0.0	0.0	0.0	500.0	2.0	0.3010299956639812	0.30828458	0.5421308	1.0177206	-1.3133926	2.4427788	0.6245057	3.7929685	1.1322135	-0.0014743637	-0.003842041	0.55671346	7.2242413	-0.16235085	-0.4940989	1.4743538	0.01500958	0.14375	6.0	61.38375210762024	56000
14	3.1712036	2.4078064	7.876149	-0.14780723	0.0	0.0	0.0	0.0	500.0	0.0	-inf	0.0	0.0	0.0	0.0	0.0	175.0	2.243038	0.6433824	0.0	-inf	0.0	0.20401396	0.018057823	0.22159493	0.17218277	0.0	0.0	0.0	0.0	500.0	2.0	0.3010299956639812	0.6432134	0.20127837	0.9110509	-0.5490502	0.98293215	0.56963646	3.4415364	0.027830321	-0.001441326	-0.010942978	0.27365848	0.4034336	-0.037815724	-0.3516633	1.4413424	0.019224986	0.2435	5.0	65.45656228065491	60000
15	1.2844832	0.91880435	3.3766344	0.36434668	0.0	0.0	0.0	0.0	500.0	0.0	-inf	0.0	0.0	0.0	0.0	0.0	175.0	2.243038	0.625	0.0	-inf	0.0	0.16338752	0.017325202	0.18735003	0.12770246	0.0	0.0	0.0	0.0	500.0	2.0	0.3010299956639812	0.5027228	0.2577908	0.97130287	-0.5195829	0.1553568	0.06545917	0.43636334	0.0	-0.0012081088	-0.011006054	0.06860221	0.011322249	-0.026989453	-0.009077689	1.2080947	0.004332859	0.099	79.0	69.46230006217957	64000
16	1.4842019	0.90309286	2.5573418	0.28854868	0.0	0.0	0.0	0.0	500.0	0.0	-inf	0.0	0.0	0.0	0.0	0.0	175.0	2.243038	0.6076389	0.0	-inf	0.0	0.35208547	0.029238092	0.38972956	0.2900979	0.0	0.0	0.0	0.0	500.0	2.0	0.3010299956639812	0.4040327	0.21355765	0.928464	-0.47003916	0.028991278	0.03976895	0.31005576	0.0	-0.001137808	-0.013236435	0.03784068	0.0017727658	-0.009350693	-0.0007241866	1.1377978	0.012192948	0.13875	79.0	73.52333164215088	68000
17	2.3779225	0.98436576	4.426178	1.280786	0.0	0.0	0.0	0.0	500.0	0.0	-inf	0.0	0.0	0.0	0.0	0.0	175.0	2.243038	0.5912162	0.0	-inf	0.0	0.8004301	0.046053316	0.85946065	0.7363738	0.0	0.0	0.0	0.0	500.0	2.0	0.3010299956639812	0.29567993	0.17866446	0.75665945	-0.34013477	0.027752848	0.03866838	0.3390871	0.0	-0.0011710525	-0.012027349	0.06670364	0.0013160284	-0.029068816	-0.0005336589	1.1710689	0.011026483	0.089499995	79.0	77.65871906280518	72000
18	3.916881	2.4773118	8.541841	1.2833672	0.0	0.0	0.0	0.0	500.0	0.0	-inf	0.0	0.0	0.0	0.0	0.0	175.0	2.243038	0.5756579	0.0	-inf	0.0	4.322321	0.22765045	4.679046	4.039738	0.0	0.0	0.0	0.0	500.0	2.0	0.3010299956639812	0.38524446	0.1710173	0.80946237	-0.11926435	0.016414935	0.026800286	0.20393336	0.0	-0.0011657886	-0.0135011375	0.21358208	0.0008733908	-0.10485263	-0.00034211803	1.165792	0.013313323	0.125	79.0	82.18269109725952	76000
19	12.16395	6.1433163	23.547373	5.675719	0.0	0.0	0.0	0.0	500.0	0.0	-inf	0.0	0.25	0.4330127	1.0	0.0	177.0	2.2479732	0.56369424	0.0	-inf	0.0	1.9763811	0.087585375	2.1245685	1.8354334	0.0	0.0	0.0	0.0	500.0	2.0	0.3010299956639812	0.5516716	0.2476188	0.92696625	-0.12913045	0.03297731	0.06108894	0.66237473	0.0	-0.0011723563	-0.009028941	1.4192507	4.6133437	-0.060063258	-0.021114657	1.1723565	0.007963885	0.0845	79.0	87.02176284790039	80000
20	10.359098	5.0232315	19.275393	1.7305037	0.0	0.0	0.0	0.0	500.0	0.0	-inf	0.0	0.0	0.0	0.0	0.0	177.0	2.2479732	0.5496894	0.0	-inf	0.0	10.706729	0.54431504	11.796444	9.926013	0.0	0.0	0.0	0.0	500.0	2.0	0.3010299956639812	0.729514	0.16859043	0.97545975	0.34172502	0.20296688	0.06033778	0.49891454	0.08794952	-0.0011607707	-0.0125010945	0.9006636	0.0156703	-0.01903572	-0.013821802	1.1607977	0.007877329	0.113749996	79.0	91.82716417312622	84000
21	19.360847	7.742663	35.327145	12.378192	0.0	0.0	0.0	0.0	500.0	0.0	-inf	0.0	0.25	0.4330127	1.0	0.0	179.0	2.252853	0.5391566	0.0	-inf	0.0	4.1330123	0.20932843	4.4347014	3.8645093	0.0	0.0	0.0	0.0	500.0	2.0	0.3010299956639812	0.78660035	0.1418609	1.2010934	0.41208965	0.07105649	0.06200691	0.511199	0.0	-0.0011244491	-0.0042022504	2.4732952	4.7519464	0.02119705	-0.015510229	1.1244621	0.018396318	0.1825	6.0	97.0972466468811	88000
22	13.428306	5.8602376	27.402176	5.9100766	0.0	0.0	0.0	0.0	500.0	0.0	-inf	0.0	0.0	0.0	0.0	0.0	179.0	2.252853	0.5264706	0.0	-inf	0.0	17.945354	0.5664836	18.704124	16.925907	0.0	0.0	0.0	0.0	500.0	2.0	0.3010299956639812	0.84192175	0.12482406	1.0817201	0.5320058	0.23791638	0.037466943	0.41889018	0.1479194	-0.0011455417	-0.0095246695	1.3721397	0.019813132	-0.08029854	-0.017707039	1.145553	0.0044857142	0.0705	79.0	102.13530945777893	92000
23	29.61533	9.321498	40.018986	10.898031	0.0	0.0	0.0	0.0	500.0	0.0	-inf	0.0	0.125	0.3307189	1.0	0.0	180.0	2.2552724	0.51724136	0.0	-inf	0.0	11.491493	0.41562426	12.039254	10.68956	0.0	0.0	0.0	0.0	500.0	2.0	0.3010299956639812	0.85726845	0.12655209	1.0968176	0.6826209	0.07591937	0.045388836	0.44414565	0.0	-0.0011297315	-0.002758326	4.1242247	2.4144323	0.031603873	-0.0035345727	1.1297388	0.015698977	0.22725	5.0	107.69072198867798	96000
24	10.952143	4.336567	17.146397	5.2599545	0.0	0.0	0.0	0.0	500.0	0.0	-inf	0.0	0.0	0.0	0.0	0.0	180.0	2.2552724	0.505618	0.0	-inf	0.0	24.114891	0.3858147	24.695385	23.613945	0.0	0.0	0.0	0.0	500.0	2.0	0.3010299956639812	0.8789342	0.12693693	1.1087959	0.4894858	0.1281104	0.029011352	0.27980083	0.040195856	-0.0011453032	-0.008589629	0.90338105	0.0058864076	-0.043423243	-0.0052554705	1.1453297	0.008440103	0.089	79.0	112.62025094032288	100000
25	24.852905	6.206787	34.680843	15.73488	0.0	0.0	0.0	0.0	500.0	0.0	-inf	0.0	0.125	0.3307189	1.0	0.0	181.0	2.2576785	0.4958904	0.0	-inf	0.0	17.466734	0.3905954	17.96725	16.969164	0.0	0.0	0.0	0.0	500.0	2.0	0.3010299956639812	0.88500625	0.14204428	1.1933935	0.7266182	0.043681588	0.029366352	0.18073055	0.0	-0.0011038333	-0.0067485124	3.3636146	2.3811269	-0.019569576	-0.0027959603	1.1038327	0.015013501	0.23475	25.0	117.94562602043152	104000
26	23.579494	7.994586	33.51011	7.1729007	0.0	0.0	0.0	0.0	500.0	0.0	-inf	0.0	0.0	0.0	0.0	0.0	181.0	2.2576785	0.4852547	0.0	-inf	0.0	44.29608	0.521581	45.23604	43.60104	0.0	0.0	0.0	0.0	500.0	2.0	0.3010299956639812	0.8835118	0.15675382	1.1659349	0.7216315	0.10704091	0.03208966	0.20956416	0.0	-0.0010821298	-0.011483341	3.0826578	0.0043042265	-0.058820546	-0.0035815232	1.0821669	0.016433246	0.16499999	17.0	123.37876105308533	108000
27	30.99656	7.3056145	41.234783	19.733276	0.0	0.0	0.0	0.0	500.0	0.0	-inf	0.0	0.5	0.5	1.0	0.0	185.0	2.2671716	0.48177084	0.0	-inf	0.0	29.58093	0.4771768	30.09752	28.800827	0.0	0.0	0.0	0.0	500.0	2.0	0.3010299956639812	0.88079965	0.17207566	1.4998648	0.5616439	0.032309856	0.024484877	0.13617523	0.0	-0.0010926537	-0.010172244	4.59496	9.487145	-0.08643848	-0.122761324	1.0926492	0.012484745	0.13775	79.0	129.09815621376038	112000
28	27.916168	4.8054156	36.123558	21.304077	0.0	0.0	0.0	0.0	500.0	0.0	-inf	0.0	0.0	0.0	0.0	0.0	185.0	2.2671716	0.4719388	0.0	-inf	0.0	51.057705	0.30068254	51.711605	50.750195	0.0	0.0	0.0	0.0	500.0	2.0	0.3010299956639812	0.88020563	0.17339216	1.1854236	0.7165726	0.6416253	0.084762044	1.0544716	0.49821675	-0.0010510385	-0.005922605	3.7530878	0.14088765	-0.057196617	-0.12984416	1.0511041	0.017189432	0.16800001	6.0	134.60967087745667	116000
29	27.343826	9.412344	44.11102	16.180029	0.0	0.0	0.0	0.0	500.0	0.0	-inf	0.0	0.9	0.29999998	1.0	0.0	194.0	2.2878017	0.47783253	0.0	-inf	0.0	49.681812	0.41525224	50.242405	48.8702	0.0	0.0	0.0	0.0	500.0	2.0	0.3010299956639812	0.8757344	0.17334175	1.1773558	0.7076359	0.15965644	0.10462994	0.5905916	0.022955501	-0.0010184422	-0.0021512425	5.205995	20.593613	0.037453532	-1.7267089	1.0184541	0.016054787	0.19175	4.0	140.28995871543884	120000
30	36.95359	9.21614	45.693592	15.4174185	0.0	0.0	0.0	0.0	500.0	0.0	-inf	0.0	0.375	0.48412293	1.0	0.0	197.0	2.2944663	0.47355768	0.0	-inf	0.0	48.034508	0.34374714	48.46485	47.340714	0.0	0.0	0.0	0.0	500.0	2.0	0.3010299956639812	0.87408346	0.17480157	1.1929138	0.5883099	5.8245764	0.4699344	6.660124	4.7734237	-0.0010030158	-0.0058413697	5.9624457	8.728315	0.06436169	-1.4940065	1.003015	0.01567191	0.16749999	11.0	146.1491105556488	124000
31	37.124798	7.4806	51.315937	24.583645	0.0	0.0	0.0	0.0	500.0	0.0	-inf	0.0	0.5	0.5	1.0	0.0	201.0	2.303196	0.46962616	0.0	-inf	0.0	45.19929	0.60995924	45.897305	44.31129	0.0	0.0	0.0	0.0	500.0	2.0	0.3010299956639812	0.8735279	0.17547145	1.1681644	0.478685	1.5122638	0.23199803	2.3678484	1.2225735	-0.00096045114	-0.0046205195	5.715069	9.329552	-0.09103167	-0.09065676	0.960445	0.015759636	0.20575	8.0	151.83346462249756	128000
32	36.796207	6.2623487	46.442944	27.42558	0.0	0.0	0.0	0.0	500.0	0.0	-inf	0.0	0.0	0.0	0.0	0.0	201.0	2.303196	0.46100917	0.0	-inf	0.0	53.8099	0.4442059	54.534946	53.288143	0.0	0.0	0.0	0.0	500.0	2.0	0.3010299956639812	0.8739392	0.17602012	1.3267336	0.52003324	0.9314713	0.196608	1.6500696	0.6171217	-0.000921987	-0.011711593	5.3318105	0.294945	-0.030630112	-0.26185387	0.9219718	0.013275595	0.116500005	79.0	157.74784445762634	132000
33	39.164635	11.647673	52.128036	17.972717	0.0	0.0	0.0	0.0	500.0	0.0	-inf	0.0	0.25	0.4330127	1.0	0.0	203.0	2.307496	0.45515695	0.0	-inf	0.0	49.98578	0.5026966	50.659428	49.131954	0.0	0.0	0.0	0.0	500.0	2.0	0.3010299956639812	0.8700937	0.17631416	1.1677817	0.6659884	0.2408119	0.12338958	0.7335981	0.079683915	-0.0009230487	-0.0023477077	6.054345	4.601322	-0.015245676	-0.008154916	0.9230734	0.01668451	0.1635	3.0	163.6431438922882	136000
34	43.570267	2.6716123	47.441654	39.56983	0.0	0.0	0.0	0.0	500.0	0.0	-inf	0.0	0.0	0.0	0.0	0.0	203.0	2.307496	0.44713655	0.0	-inf	0.0	56.969524	0.34487143	57.431408	56.371788	0.0	0.0	0.0	0.0	500.0	2.0	0.3010299956639812	0.86844724	0.17571816	1.1666977	0.48720914	0.24833836	0.061316617	0.51037836	0.09912978	-0.0009290669	-0.0040802867	6.547137	0.02133302	-0.0334121	-0.018633261	0.9290531	0.015709627	0.17975	6.0	169.48256373405457	140000
35	44.84308	11.644548	55.20979	15.808086	0.0	0.0	0.0	0.0	500.0	0.0	-inf	0.0	0.125	0.3307189	1.0	0.0	204.0	2.3096302	0.44060475	0.0	-inf	0.0	52.973854	0.32061106	53.602005	52.56077	0.0	0.0	0.0	0.0	500.0	2.0	0.3010299956639812	0.8693726	0.17548518	1.1667722	0.702384	0.059890065	0.0372508	0.20212966	0.0	-0.00089319795	-0.003918223	7.3587713	2.1787772	-0.12795746	-0.00094109995	0.89321953	0.015647205	0.15975001	4.0	175.42504262924194	144000
36	44.587387	8.123454	53.734844	25.798223	0.0	0.0	0.0	0.0	500.0	0.0	-inf	0.0	0.125	0.3307189	1.0	0.0	205.0	2.3117537	0.43432203	0.0	-inf	0.0	44.598953	0.53539145	45.43483	43.96587	0.0	0.0	0.0	0.0	500.0	2.0	0.3010299956639812	0.86942077	0.17518675	1.3070753	0.5407	0.069475874	0.028348641	0.16204713	0.0	-0.0008859001	-0.0046351887	6.9857388	2.3188987	-0.09242082	-0.001109767	0.8858938	0.021756561	0.2245	4.0	181.22480869293213	148000
37	41.43576	5.7394066	52.75287	34.966187	0.0	0.0	0.0	0.0	500.0	0.0	-inf	0.0	0.0	0.0	0.0	0.0	205.0	2.3117537	0.42708334	0.0	-inf	0.0	52.5793	0.6070301	53.472557	51.872345	0.0	0.0	0.0	0.0	500.0	2.0	0.3010299956639812	0.8645443	0.171786	1.2606771	0.52711666	0.09404832	0.025098387	0.31913117	0.0068941712	-0.00090338103	-0.0038487774	6.3166895	0.0031706132	0.043572903	-0.0025802013	0.9033308	0.015632696	0.13575	12.0	187.02305006980896	152000
38	43.060383	5.473115	51.512993	33.83926	0.0	0.0	0.0	0.0	500.0	0.0	-inf	0.0	0.125	0.3307189	1.0	0.0	206.0	2.3138673	0.4212679	0.0	-inf	0.0	53.135227	0.64171016	54.14387	52.17879	0.0	0.0	0.0	0.0	500.0	2.0	0.3010299956639812	0.84948546	0.16741976	1.1580824	0.47364777	0.026677277	0.0239907	0.1898668	0.0	-0.0009441413	-0.0044469945	6.660247	2.4161484	-0.0041776896	-0.0069032917	0.9441316	0.018332265	0.18575	6.0	192.7237148284912	156000
39	49.674255	7.048867	61.75191	39.1099	0.0	0.0	0.0	0.0	500.0	0.0	-inf	0.0	0.0	0.0	0.0	0.0	206.0	2.3138673	0.4144869	0.0	-inf	0.0	59.019375	0.8760384	60.79359	57.727074	0.0	0.0	0.0	0.0	500.0	2.0	0.3010299956639812	0.84111834	0.16460276	1.3992312	0.3464923	0.1534151	0.05332074	0.4502818	0.092911124	-0.00097552314	-0.012996297	7.862691	0.009513127	0.0035084486	-0.008850168	0.97549015	0.013582322	0.13	79.0	198.8164529800415	160000
40	46.61707	14.988094	66.99399	21.99566	0.0	0.0	0.0	0.0	500.0	0.0	-inf	0.0	0.375	0.48412293	1.0	0.0	209.0	2.3201463	0.41141734	0.0	-inf	0.0	60.590027	0.7193559	61.73159	59.563206	0.0	0.0	0.0	0.0	500.0	2.0	0.3010299956639812	0.8308877	0.16631909	1.1577337	0.6251716	0.02815839	0.031962946	0.21557488	0.0	-0.00096913613	-0.0071813287	7.6875496	7.060535	0.16187787	-0.043380685	0.9691355	0.016078372	0.16925	17.0	204.84976291656494	164000
41	44.110085	12.473032	64.08861	23.981144	0.0	0.0	0.0	0.0	500.0	0.0	-inf	0.0	0.375	0.48412293	1.0	0.0	212.0	2.326336	0.40847784	0.0	-inf	0.0	58.589394	0.7800512	60.022106	57.58905	0.0	0.0	0.0	0.0	500.0	2.0	0.3010299956639812	0.81832117	0.16532072	1.1141486	0.28938323	0.36457595	0.07595002	0.6953549	0.29624364	-0.00092161447	-0.008154794	7.299587	6.9727173	0.109992266	-0.0031600827	0.92161894	0.015182069	0.175	32.0	210.62531995773315	168000
42	51.628796	14.076347	72.658646	24.318048	0.0	0.0	0.0	0.0	500.0	0.0	-inf	0.0	0.625	0.48412293	1.0	0.0	217.0	2.3364596	0.4086629	0.0	-inf	0.0	55.6485	0.9098823	56.218346	53.454044	0.0	0.0	0.0	0.0	500.0	2.0	0.3010299956639812	0.8181766	0.16337784	1.0804943	0.28681767	0.39951214	0.10339262	0.8417002	0.30302274	-0.0008882396	-0.0038673077	8.440611	11.785358	-0.07312238	-0.15363574	0.8882427	0.016425278	0.1515	4.0	216.45302391052246	172000
43	50.861343	11.838836	66.22734	27.820202	0.0	0.0	0.0	0.0	500.0	0.0	-inf	0.0	0.125	0.3307189	1.0	0.0	218.0	2.3384564	0.4037037	0.0	-inf	0.0	50.003746	0.8938518	51.796803	49.170235	0.0	0.0	0.0	0.0	500.0	2.0	0.3010299956639812	0.8203074	0.16240601	1.1701152	0.44606423	1.2945942	0.36672607	1.9807	0.8088077	-0.00090090185	-0.0015544556	8.305925	2.7881167	-0.026232481	-0.4303925	0.90089166	0.01600302	0.19325	6.0	222.4132239818573	176000
44	43.22697	12.100405	57.723328	14.601746	0.0	0.0	0.0	0.0	500.0	0.0	-inf	0.0	0.125	0.3307189	1.0	0.0	219.0	2.340444	0.3989071	0.0	-inf	0.0	51.436356	0.79020834	52.942673	50.307613	0.0	0.0	0.0	0.0	500.0	2.0	0.3010299956639812	0.8246903	0.16062093	1.133971	0.4794031	0.30262837	0.048406795	0.4936042	0.23747812	-0.00082342327	-0.008632973	6.952306	2.384482	-0.124950886	-0.011911331	0.8234358	0.018253893	0.22524999	10.0	228.11970138549805	180000
45	46.050617	5.2861	54.341908	36.82063	0.0	0.0	0.0	0.0	500.0	0.0	-inf	0.0	0.0	0.0	0.0	0.0	219.0	2.340444	0.39317775	0.0	-inf	0.0	59.623894	0.88804007	60.61966	58.01918	0.0	0.0	0.0	0.0	500.0	2.0	0.3010299956639812	0.82264847	0.15863428	1.1414843	0.6395833	0.15851492	0.028290205	0.23713966	0.11352469	-0.00083648786	-0.013626827	7.340337	0.00807992	-0.06371558	-0.0072787534	0.836508	0.015346613	0.14175001	24.0	233.9455041885376	184000
46	53.347214	5.3138227	60.092693	42.772682	0.0	0.0	0.0	0.0	500.0	0.0	-inf	0.0	0.0	0.0	0.0	0.0	219.0	2.340444	0.3876106	0.0	-inf	0.0	58.974937	0.8871308	59.891026	57.549316	0.0	0.0	0.0	0.0	500.0	2.0	0.3010299956639812	0.82386154	0.15792823	1.0755806	0.4935104	0.046612136	0.024880841	0.1298329	0.0010162052	-0.00082654133	-0.01252358	8.667016	0.0008116233	0.029066205	-0.00059089524	0.82660794	0.012701279	0.1135	79.0	240.17798852920532	188000
47	54.45952	7.4745774	63.002285	42.581097	0.0	0.0	0.0	0.0	500.0	0.0	-inf	0.0	0.0	0.0	0.0	0.0	219.0	2.340444	0.38219896	0.0	-inf	0.0	67.56064	1.3747633	69.447205	65.09658	0.0	0.0	0.0	0.0	500.0	2.0	0.3010299956639812	0.8278502	0.1551228	1.075675	0.6428016	0.018622253	0.018526955	0.115226716	0.0	-0.00085574575	-0.012718076	8.898284	0.0002436309	-0.10235548	-9.9400495e-05	0.85569096	0.009631124	0.096499994	79.0	246.34108591079712	192000
48	51.152756	16.385254	70.70895	24.350164	0.0	0.0	0.0	0.0	500.0	0.0	-inf	0.0	0.25	0.4330127	1.0	0.0	221.0	2.3443923	0.37907377	0.0	-inf	0.0	66.0767	0.95555973	67.47553	64.654434	0.0	0.0	0.0	0.0	500.0	2.0	0.3010299956639812	0.826676	0.15612751	1.128467	0.64211	0.011898834	0.01270867	0.06486876	0.0	-0.00084498525	-0.00903343	8.84838	4.495881	0.10806835	-0.009142795	0.84498626	0.01058422	0.146	79.0	252.4688766002655	196000
49	50.187088	14.889592	72.07419	22.359402	0.0	0.0	0.0	0.0	500.0	0.0	-inf	0.0	0.25	0.4330127	1.0	0.0	223.0	2.3483047	0.37605396	0.0	-inf	0.0	68.551	1.480481	71.56672	67.02125	0.0	0.0	0.0	0.0	500.0	2.0	0.3010299956639812	0.826978	0.15566091	1.2762358	0.32298976	0.14351556	0.031379823	0.20976159	0.063245505	-0.00080472603	-0.0064415224	8.136166	4.7622404	-0.06105101	-0.007556094	0.80472636	0.01603638	0.14575	9.0	258.5036733150482	200000
50	61.15329	6.89734	70.96677	48.86179	0.0	0.0	0.0	0.0	500.0	0.0	-inf	0.0	0.0	0.0	0.0	0.0	223.0	2.3483047	0.37104824	0.0	-inf	0.0	76.857155	0.7062184	78.50467	75.99838	0.0	0.0	0.0	0.0	500.0	2.0	0.3010299956639812	0.82531196	0.15727513	1.2767365	0.5753789	0.2647876	0.06860481	0.3481484	0.059267163	-0.0008208705	-0.009153548	10.237127	0.026646845	-0.15907311	-0.023962524	0.820778	0.00812982	0.086	79.0	264.8541889190674	204000
51	62.152344	7.598617	80.81256	55.354992	0.0	0.0	0.0	0.0	500.0	0.0	-inf	0.0	0.125	0.3307189	1.0	0.0	224.0	2.350248	0.3672131	0.0	-inf	0.0	77.07118	0.6339825	77.85422	75.65511	0.0	0.0	0.0	0.0	500.0	2.0	0.3010299956639812	0.8250022	0.15739353	1.2435249	0.6391591	0.06598598	0.019608714	0.11137011	0.0047794543	-0.00083572045	-0.008058317	10.349658	2.4122982	0.116757154	-0.0032686074	0.8357115	0.0064033037	0.0745	79.0	271.08268642425537	208000
52	60.051224	19.786499	77.31218	22.754505	0.0	0.0	0.0	0.0	500.0	0.0	-inf	0.0	0.25	0.4330127	1.0	0.0	226.0	2.3541083	0.36451614	0.0	-inf	0.0	74.69058	0.4519994	75.15503	73.98248	0.0	0.0	0.0	0.0	500.0	2.0	0.3010299956639812	0.82415736	0.15844783	1.0756438	0.5164012	0.14742988	0.011179876	0.19825296	0.11756932	-0.0008308366	-0.0042361394	10.460006	4.548786	0.13336802	-0.0022858297	0.83084977	0.01529086	0.14875	11.0	277.2663908004761	212000
53	53.160088	14.604061	70.0476	26.675108	0.0	0.0	0.0	0.0	500.0	0.0	-inf	0.0	0.375	0.48412293	1.0	0.0	229.0	2.3598356	0.362916	0.0	-inf	0.0	70.46837	0.658988	71.74976	69.64978	0.0	0.0	0.0	0.0	500.0	2.0	0.3010299956639812	0.822599	0.15858643	1.0756063	0.36074477	0.1855103	0.034666114	0.22816317	0.047036063	-0.0008116886	-0.0078627225	9.141544	6.9789715	-0.0689944	-0.013280017	0.8116827	0.015314242	0.2265	10.0	283.3151693344116	216000
54	63.7499	6.3940067	71.894806	53.36263	0.0	0.0	0.0	0.0	500.0	0.0	-inf	0.0	0.0	0.0	0.0	0.0	229.0	2.3598356	0.35837245	0.0	-inf	0.0	79.57022	0.6610752	80.60184	78.527756	0.0	0.0	0.0	0.0	500.0	2.0	0.3010299956639812	0.82214004	0.15926008	1.1037236	0.5256111	0.36644992	0.026677873	0.41237217	0.28313166	-0.00082892925	-0.015126726	10.523364	0.048877485	0.05159712	-0.045555174	0.82894355	0.015414411	0.1455	74.0	289.5321879386902	220000
55	71.163246	4.518682	78.22156	61.475204	0.0	0.0	0.0	0.0	500.0	0.0	-inf	0.0	0.0	0.0	0.0	0.0	229.0	2.3598356	0.35394126	0.0	-inf	0.0	84.75644	0.4763777	85.50285	84.0291	0.0	0.0	0.0	0.0	500.0	2.0	0.3010299956639812	0.8208219	0.15982215	1.0752236	0.45558396	0.07339724	0.025183015	0.13843387	0.038073614	-0.00080151716	-0.014734441	11.786707	0.0020964625	-0.081171036	-0.0019551308	0.80158955	0.013079422	0.125	79.0	295.89945578575134	224000
56	73.33676	5.4232974	77.4062	60.44044	0.0	0.0	0.0	0.0	500.0	0.0	-inf	0.0	0.0	0.0	0.0	0.0	229.0	2.3598356	0.34961832	0.0	-inf	0.0	91.5096	1.124484	93.44254	90.02816	0.0	0.0	0.0	0.0	500.0	2.0	0.3010299956639812	0.82299656	0.1588236	1.0753237	0.6401669	0.014325431	0.010268753	0.05945717	0.0	-0.00081862323	-0.01606334	12.166448	0.00011687439	-0.049546957	-9.163476e-05	0.8185845	0.015148901	0.12475	64.0	302.31492161750793	228000
57	65.77883	18.874676	88.36565	24.212782	0.0	0.0	0.0	0.0	500.0	0.0	-inf	0.0	0.5	0.5	1.0	0.0	233.0	2.3673558	0.34984985	0.0	-inf	0.0	83.04997	0.82111734	84.884926	82.04667	0.0	0.0	0.0	0.0	500.0	2.0	0.3010299956639812	0.82484293	0.15793137	1.0753353	0.64106226	0.0046748123	0.0059690513	0.053202312	0.0	-0.00084619597	-0.005197009	11.502748	9.403498	-0.0563612	-0.09480792	0.8461964	0.015825734	0.19025001	5.0	308.4041078090668	232000
58	78.65488	4.959119	86.05957	71.02596	0.0	0.0	0.0	0.0	500.0	0.0	-inf	0.0	0.0	0.0	0.0	0.0	233.0	2.3673558	0.34569734	0.0	-inf	0.0	94.02704	1.1304138	95.71474	92.544174	0.0	0.0	0.0	0.0	500.0	2.0	0.3010299956639812	0.8228207	0.15891503	1.2318385	0.40273514	0.5400472	0.042811345	0.62594855	0.4035474	-0.0007914342	-0.012038909	13.17842	0.10313976	-0.041338682	-0.09503417	0.7915004	0.005811825	0.12075	79.0	314.772789478302	236000
59	65.385796	23.415579	88.187744	26.632452	0.0	0.0	0.0	0.0	500.0	0.0	-inf	0.0	0.44444445	0.49690402	1.0	0.0	237.0	2.3747482	0.34548104	0.0	-inf	0.0	84.90396	0.923243	86.69252	83.38829	0.0	0.0	0.0	0.0	500.0	2.0	0.3010299956639812	0.8209868	0.1601299	1.1056023	0.64148057	0.10783394	0.038178306	0.18987419	0.049610265	-0.0007986621	-0.008150846	12.408989	9.114375	0.030054808	-0.04178965	0.79866123	0.015286902	0.229	15.0	321.01905584335327	240000
60	70.623116	18.416706	84.619026	23.034853	0.0	0.0	0.0	0.0	500.0	0.0	-inf	0.0	0.125	0.3307189	1.0	0.0	238.0	2.376577	0.34244603	0.0	-inf	0.0	78.32651	0.26368847	78.885414	78.05575	0.0	0.0	0.0	0.0	500.0	2.0	0.3010299956639812	0.8229199	0.15893297	1.0752511	0.3682391	0.4432252	0.04950749	0.5249615	0.34211883	-0.00074704736	-0.009392681	12.248463	2.2388797	0.14947128	-0.03822052	0.7470284	0.006907128	0.13100001	79.0	327.46419072151184	244000
61	73.6776	5.3277426	79.501175	62.60773	0.0	0.0	0.0	0.0	500.0	0.0	-inf	0.0	0.125	0.3307189	1.0	0.0	239.0	2.378398	0.33948863	0.0	-inf	0.0	72.766014	0.80514425	74.18508	71.343346	0.0	0.0	0.0	0.0	500.0	2.0	0.3010299956639812	0.8217183	0.1591652	1.0751864	0.3901699	0.16293417	0.02556306	0.21472192	0.110147126	-0.0007512681	-0.0052733887	12.097027	2.3980384	-0.1071825	-0.0005462419	0.7512684	0.01609945	0.17025	6.0	333.59561252593994	248000
62	71.22473	2.9501944	74.99471	66.62094	0.0	0.0	0.0	0.0	500.0	0.0	-inf	0.0	0.0	0.0	0.0	0.0	239.0	2.378398	0.33567417	0.0	-inf	0.0	75.435715	0.48712215	76.2964	74.48696	0.0	0.0	0.0	0.0	500.0	2.0	0.3010299956639812	0.8193026	0.1612159	1.462533	0.46432734	0.14772782	0.008232396	0.18475337	0.11888885	-0.0007426739	0.009560462	11.785348	0.0075869197	-0.042538404	-0.0069695925	0.74259114	0.015200714	0.1965	4.0	339.7670187950134	252000
63	78.942375	3.5599747	86.447105	75.02361	0.0	0.0	0.0	0.0	500.0	0.0	-inf	0.0	0.0	0.0	0.0	0.0	239.0	2.378398	0.33194444	0.0	-inf	0.0	77.586266	0.57665753	78.44309	76.61766	0.0	0.0	0.0	0.0	500.0	2.0	0.3010299956639812	0.8177363	0.16159536	1.0744008	0.5988476	0.02939495	0.010104733	0.06086379	0.0	-0.0007227119	0.0018746252	13.159895	0.00029492527	-0.0108914375	-0.00024144028	0.72262144	0.01887103	0.16125	19.0	345.9999346733093	256000
64	77.07025	3.526681	83.535805	72.281784	0.0	0.0	0.0	0.0	500.0	0.0	-inf	0.0	0.0	0.0	0.0	0.0	239.0	2.378398	0.3282967	0.0	-inf	0.0	82.82369	0.61583	83.5522	81.87989	0.0	0.0	0.0	0.0	500.0	2.0	0.3010299956639812	0.8194215	0.16067438	1.0749309	0.53086144	0.00964585	0.007556345	0.043059118	0.0	-0.0007244637	-0.011137966	12.786497	5.0805327e-05	-0.036488533	-2.10105e-05	0.72450376	0.01445229	0.1275	79.0	352.37515592575073	260000
65	78.22858	14.174676	92.196846	44.821266	0.0	0.0	0.0	0.0	500.0	0.0	-inf	0.0	0.25	0.4330127	1.0	0.0	241.0	2.3820171	0.32700136	0.0	-inf	0.0	77.77767	0.5250284	78.80921	76.96069	0.0	0.0	0.0	0.0	500.0	2.0	0.3010299956639812	0.8208739	0.16044915	1.1198572	0.28879562	0.0059166057	0.0069428906	0.069795	0.0	-0.00075531006	-0.0039759576	13.338566	4.738111	-0.07539892	-0.017668445	0.755342	0.01813297	0.19	6.0	358.7014887332916	264000
66	74.50909	10.895818	89.01244	52.61068	0.0	0.0	0.0	0.0	500.0	0.0	-inf	0.0	0.125	0.3307189	1.0	0.0	242.0	2.3838153	0.3243968	0.0	-inf	0.0	79.61647	0.7005955	80.68511	78.61719	0.0	0.0	0.0	0.0	500.0	2.0	0.3010299956639812	0.81916463	0.16098437	1.1416385	0.37411967	0.20916407	0.018327277	0.2822288	0.15073994	-0.00074533	-0.004478816	12.29353	2.3856845	0.069832325	-0.0018501927	0.74532574	0.015325436	0.1455	14.0	364.9265217781067	268000
67	76.75196	5.7751155	90.83727	69.97278	0.0	0.0	0.0	0.0	500.0	0.0	-inf	0.0	0.0	0.0	0.0	0.0	242.0	2.3838153	0.32095492	0.0	-inf	0.0	90.75067	0.42475167	91.4462	89.90998	0.0	0.0	0.0	0.0	500.0	2.0	0.3010299956639812	0.8191137	0.16076271	1.0751657	0.5547882	0.1471719	0.02888935	0.21269698	0.048175998	-0.0006948635	-0.012774026	12.749107	0.0076512513	0.13463974	-0.0067798425	0.69479173	0.010582316	0.142	79.0	371.3007502555847	272000
68	80.8786	13.191772	95.20424	48.113018	0.0	0.0	0.0	0.0	500.0	0.0	-inf	0.0	0.125	0.3307189	1.0	0.0	243.0	2.3856063	0.3184797	0.0	-inf	0.0	92.40388	0.3708157	92.90718	91.91384	0.0	0.0	0.0	0.0	500.0	2.0	0.3010299956639812	0.812338	0.1653591	1.1367853	0.35898057	0.036334153	0.011716673	0.087936565	0.0	-0.00070694834	-0.0038556103	13.608028	2.3353844	0.002755642	-0.0015230355	0.7069777	0.015783472	0.1525	11.0	377.7082624435425	276000
