Epoch	AverageEpRet	StdEpRet	MaxEpRet	MinEpRet	AverageEpCost	StdEpCost	MaxEpCost	MinEpCost	EpLen	CumulativeCost	LogCumulativeCost	CostRate	AverageEpSurrCost	StdEpSurrCost	MaxEpSurrCost	MinEpSurrCost	CumulativeSurrCost	LogCumulativeSurrCost	SurrCostRate	CumulativeViolations	LogCumulativeViolations	ViolationRate	AverageTestEpRet	StdTestEpRet	MaxTestEpRet	MinTestEpRet	AverageTestEpCost	StdTestEpCost	MaxTestEpCost	MinTestEpCost	TestEpLen	Penalty	LogPenalty	AverageVVals	StdVVals	MaxVVals	MinVVals	AverageVcVals	StdVcVals	MaxVcVals	MinVcVals	LossPi	DeltaLossPi	LossV	LossVC	DeltaLossV	DeltaLossVC	Entropy	KL	ClipFrac	StopIter	Time	TotalEnvInteracts
0	-0.19725886	0.59880483	0.3131924	-3.364097	0.0	0.0	0.0	0.0	500.0	0.0	-inf	0.0	1.0	0.0	1.0	1.0	68.0	1.8325089	0.8947368	0.0	-inf	0.0	0.034693375	0.021043172	0.069395	-0.0047447057	1.0	0.0	1.0	1.0	69.0	2.0	0.3010299956639812	0.05191725	0.18571337	0.58966887	-0.3813168	0.0	0.0	0.0	0.0	-0.0013522953	-0.012176038	0.083964214	71.91222	-0.036307596	-8.04194	1.3522716	0.015185733	0.094	8.0	3.074195384979248	4000
1	-0.63961643	2.7449949	3.6356068	-11.83392	0.0	0.0	0.0	0.0	500.0	0.0	-inf	0.0	1.0	0.0	1.0	1.0	119.0	2.075547	0.90839696	0.0	-inf	0.0	-1.4557607	0.5451279	-0.7347061	-2.0726938	0.5	0.5	1.0	0.0	397.625	2.0	0.3010299956639812	-0.1346331	0.1599709	0.085268244	-0.8270834	8.006081	0.8168022	8.661681	2.1296535	-0.0013919361	-0.012363015	0.64671314	54.598606	-0.15145466	-7.0036764	1.3919652	0.015105895	0.13749999	22.0	6.1191933155059814	8000
2	-1.3706499	4.0424685	7.0618973	-9.558015	0.0	0.0	0.0	0.0	500.0	0.0	-inf	0.0	1.0	0.0	1.0	1.0	146.0	2.164353	0.90123457	0.0	-inf	0.0	-1.3418696	0.011124721	-1.3227718	-1.3542565	1.0	0.0	1.0	1.0	195.75	2.0	0.3010299956639812	-0.4565424	1.1721318	1.6973819	-4.873372	15.490853	0.3514234	15.746967	12.620354	-0.0013828091	-0.012481457	0.8637871	34.08467	-0.37271267	-3.9273648	1.382792	0.015025647	0.102	26.0	8.536176443099976	12000
3	-0.20715468	4.00775	7.818614	-11.679874	0.041666668	0.1998263	1.0	0.0	489.95834	1.0	0.0	0.005263158	0.9583333	0.19982632	1.0	0.0	169.0	2.2278867	0.8894737	1.0	0.0	0.005263158	-2.3395624	0.011393403	-2.3195212	-2.3530118	1.0	0.0	1.0	1.0	227.5	2.0	0.3010299956639812	-1.2747679	1.6065893	2.6410317	-5.7353716	20.888824	0.07054617	20.94977	20.240623	-0.0013404107	-0.0149456095	1.3044361	27.704447	-0.6992751	-1.6054969	1.3404593	0.009526522	0.121249996	79.0	11.067461490631104	16000
4	1.1544145	4.0195646	10.387213	-8.242683	0.0	0.0	0.0	0.0	500.0	1.0	0.0	0.004716981	1.0	0.0	1.0	1.0	187.0	2.2718415	0.8820755	1.0	0.0	0.004716981	-2.2808414	0.004017048	-2.2757394	-2.2879117	1.0	0.0	1.0	1.0	275.75	2.0	0.3010299956639812	-0.26046345	1.2230222	3.4399886	-4.759	23.085993	2.8830252	23.910654	0.7684175	-0.001342509	-0.006363203	1.032007	23.227776	-0.47975275	-0.9780779	1.3425044	0.015305817	0.10925	14.0	13.311367988586426	20000
5	1.1247389	5.172817	10.148496	-6.3742385	0.0	0.0	0.0	0.0	500.0	1.0	0.0	0.0043668123	1.0	0.0	1.0	1.0	200.0	2.30103	0.8733624	1.0	0.0	0.0043668123	-2.107787	0.003685033	-2.1038632	-2.1156642	1.0	0.0	1.0	1.0	307.125	2.0	0.3010299956639812	0.51359	1.0232798	3.3643763	-1.9266666	25.700344	0.07408123	25.765217	25.106056	-0.0013243407	-0.009092087	0.90229887	20.185513	-0.28284737	-0.16179419	1.324331	0.018415399	0.1195	8.0	15.534791707992554	24000
6	1.6244245	2.967255	9.306089	-2.0789568	0.0	0.0	0.0	0.0	500.0	1.0	0.0	0.0040650405	0.9230769	0.26646933	1.0	0.0	212.0	2.326336	0.86178863	1.0	0.0	0.0040650405	-1.9245694	0.0034269015	-1.9184786	-1.9291769	1.0	0.0	1.0	1.0	349.0	2.0	0.3010299956639812	-0.12968194	1.1435884	3.6290615	-3.6641312	24.8415	0.4437708	24.986063	17.428404	-0.0013139993	-0.0024404572	0.564021	21.094608	-0.2596619	-0.7170105	1.3139863	0.015625246	0.11725001	4.0	17.69883680343628	28000
7	1.9232436	4.4582605	9.748125	-7.3530073	0.0	0.0	0.0	0.0	500.0	1.0	0.0	0.003787879	1.0	0.0	1.0	1.0	226.0	2.3541083	0.8560606	1.0	0.0	0.003787879	0.051934194	0.006024785	0.06427187	0.044029124	0.0	0.0	0.0	0.0	500.0	2.0	0.3010299956639812	0.4461501	1.1141472	4.319581	-2.2672584	21.525938	3.5538688	23.346151	0.0	-0.0013755187	-0.0043812105	0.5341204	21.370216	-0.13165896	-1.3315697	1.3755381	0.018742017	0.15225	4.0	20.1153507232666	32000
8	2.2650838	3.257437	6.542524	-4.230042	0.0	0.0	0.0	0.0	500.0	1.0	0.0	0.0035211267	0.875	0.3307189	1.0	0.0	240.0	2.3802114	0.8450704	1.0	0.0	0.0035211267	0.30639175	0.029196959	0.35590473	0.27337742	0.0	0.0	0.0	0.0	500.0	2.0	0.3010299956639812	0.61213386	1.1041455	5.1976304	-2.945346	17.865295	4.151344	23.566732	9.146561	-0.0013579801	-0.007349514	0.63260746	22.558674	-0.15204208	-1.3249426	1.3579736	0.017874442	0.13625	5.0	22.444270133972168	36000
9	-1.3694184	2.4979446	2.0573967	-5.7998533	0.0	0.0	0.0	0.0	500.0	1.0	0.0	0.0033898305	0.625	0.48412293	1.0	0.0	245.0	2.389166	0.8305085	1.0	0.0	0.0033898305	0.52253616	0.04586856	0.6063769	0.4583772	0.0	0.0	0.0	0.0	500.0	2.0	0.3010299956639812	1.3624918	1.380667	6.3990684	-2.7570946	18.779587	4.446696	25.360601	2.1690435	-0.0013635419	-0.009129152	1.1963469	14.994925	-0.8346031	-5.4114237	1.3635155	0.018268684	0.181	5.0	24.601468801498413	40000
10	-0.5029191	5.423046	3.9016268	-13.995562	0.0	0.0	0.0	0.0	500.0	1.0	0.0	0.0032786885	0.375	0.48412293	1.0	0.0	248.0	2.3944516	0.81311476	1.0	0.0	0.0032786885	3.3879871	0.099846624	3.5291564	3.2342727	0.0	0.0	0.0	0.0	500.0	2.0	0.3010299956639812	-0.18741123	0.8150191	2.3773746	-3.042615	7.532494	5.8325996	24.763178	0.32137004	-0.0013499409	-0.008148516	0.5703883	7.999921	-0.18657994	-1.873232	1.3499384	0.01521292	0.199	10.0	26.75973153114319	44000
11	5.9973507	6.305779	17.100222	-2.2026772	0.0	0.0	0.0	0.0	500.0	1.0	0.0	0.0031746032	0.375	0.48412293	1.0	0.0	251.0	2.3996737	0.7968254	1.0	0.0	0.0031746032	4.459464	0.089440204	4.6031632	4.3069205	0.0	0.0	0.0	0.0	500.0	2.0	0.3010299956639812	0.11427034	0.91124034	2.2679462	-2.884133	4.457685	4.92744	22.067284	0.3027081	-0.0013051927	-0.0034848442	0.9333583	6.7416334	-0.3882209	-0.56421417	1.3051815	0.017229043	0.128	7.0	28.91562843322754	48000
12	5.833189	5.7063117	16.920343	1.5802954	0.0	0.0	0.0	0.0	500.0	1.0	0.0	0.003076923	0.22222222	0.4157397	1.0	0.0	253.0	2.4031205	0.7784615	1.0	0.0	0.003076923	1.8921793	0.09097144	2.0439396	1.7567497	0.0	0.0	0.0	0.0	500.0	2.0	0.3010299956639812	1.020862	1.1291895	3.8162315	-2.5362997	4.2056346	4.241712	20.455553	0.0	-0.0013561249	-0.009925559	0.93899596	6.3286743	-0.19545603	-2.2866852	1.3561453	0.015026478	0.1865	28.0	31.23340129852295	52000
13	5.9138117	3.3353546	11.758613	-0.55238026	0.0	0.0	0.0	0.0	500.0	1.0	0.0	0.003003003	0.0	0.0	0.0	0.0	253.0	2.4031205	0.7597598	1.0	0.0	0.003003003	23.767912	0.51077586	24.41962	23.027197	0.0	0.0	0.0	0.0	500.0	2.0	0.3010299956639812	1.4014468	1.2182393	4.7266183	-3.5038264	0.47263744	0.2541776	3.7367563	0.19862647	-0.0013311096	-0.014348837	0.63522947	0.09227207	-0.2100637	-0.08306799	1.3311218	0.015321274	0.167	18.0	33.43982768058777	56000
14	13.916872	4.717488	21.645145	7.531299	0.0	0.0	0.0	0.0	500.0	1.0	0.0	0.0029069767	0.44444445	0.49690402	1.0	0.0	257.0	2.409933	0.747093	1.0	0.0	0.0029069767	16.157057	0.15735267	16.429577	15.920931	0.0	0.0	0.0	0.0	500.0	2.0	0.3010299956639812	1.0899831	1.3173361	4.116562	-3.2101367	0.1462964	0.1961894	1.8429633	0.0	-0.0013272539	-0.0051161777	1.5248791	8.011088	-0.84268594	-0.15988034	1.3272743	0.0152416285	0.23725	7.0	35.65823316574097	60000
15	12.427392	3.8661902	19.287092	8.67119	0.0	0.0	0.0	0.0	500.0	1.0	0.0	0.0028328612	0.125	0.3307189	1.0	0.0	258.0	2.4116197	0.7308782	1.0	0.0	0.0028328612	9.19105	0.10533657	9.379805	9.070657	0.0	0.0	0.0	0.0	500.0	2.0	0.3010299956639812	3.217632	1.4250971	6.8558197	-1.5031519	1.2857049	1.0254455	4.155541	0.0	-0.0013086833	-0.0037167165	0.7210038	2.6330392	-0.22568229	-0.6821638	1.30869	0.016012974	0.2385	5.0	37.839529037475586	64000
16	7.231288	6.023219	19.329845	-0.43274724	0.0	0.0	0.0	0.0	500.0	1.0	0.0	0.0027173914	0.53846157	0.49851853	1.0	0.0	265.0	2.423246	0.7201087	1.0	0.0	0.0027173914	4.675445	0.059241902	4.742258	4.553138	1.0	0.0	1.0	1.0	132.75	2.0	0.3010299956639812	3.3642619	1.2396611	6.607909	0.24867885	0.18811707	0.1387457	1.2667937	0.0	-0.0012693442	-0.0029943436	1.1660292	12.055731	-0.541523	-0.10578862	1.2693143	0.016134704	0.16925001	5.0	39.99835252761841	68000
17	4.2643633	2.5154278	10.914228	-0.9628781	0.0	0.0	0.0	0.0	500.0	1.0	0.0	0.0025188916	0.96	0.1959592	1.0	0.0	289.0	2.460898	0.7279597	1.0	0.0	0.0025188916	7.335394	0.10603843	7.4819345	7.2105346	0.0	0.0	0.0	0.0	500.0	2.0	0.3010299956639812	1.754717	1.4573305	5.9246225	-1.6016914	1.0415932	0.8505386	3.4436228	0.0	-0.0012367517	-0.0021275417	0.33524472	42.411415	-0.13836753	-8.506799	1.2367287	0.017340764	0.20500001	4.0	42.47406721115112	72000
18	9.086102	4.4083233	16.52574	2.5541217	0.0	0.0	0.0	0.0	500.0	1.0	0.0	0.0024630541	0.125	0.3307189	1.0	0.0	290.0	2.462398	0.71428573	1.0	0.0	0.0024630541	6.4047303	0.1714907	6.631109	6.1494975	0.0	0.0	0.0	0.0	500.0	2.0	0.3010299956639812	1.4640119	1.4310099	5.7992253	-2.4916096	13.872042	1.7413213	14.732734	7.9734383	-0.001265116	-0.006402606	0.6526832	11.431168	-0.19581862	-8.410096	1.2651572	0.018517934	0.25024998	5.0	44.67122983932495	76000
19	12.908064	6.1336374	22.595179	3.109187	0.125	0.3307189	1.0	0.0	485.125	2.0	0.30103	0.004819277	0.0	0.0	0.0	0.0	290.0	2.462398	0.6987952	2.0	0.30103	0.004819277	7.2829313	0.5076685	7.9883537	6.6213303	0.0	0.0	0.0	0.0	500.0	2.0	0.3010299956639812	1.6676863	1.3424025	6.243029	-1.25047	1.7365196	0.74365675	8.122522	1.0120375	-0.0012612939	-0.00434123	0.7383865	0.9415733	-0.25900084	-0.76687896	1.2613974	0.017042466	0.286	5.0	46.80696439743042	80000
20	14.858089	8.250427	28.810623	5.6742396	0.0	0.0	0.0	0.0	500.0	2.0	0.30103	0.004705882	0.25	0.4330127	1.0	0.0	292.0	2.4653828	0.6870588	2.0	0.30103	0.004705882	11.712973	0.42305225	12.265742	11.119585	0.0	0.0	0.0	0.0	500.0	2.0	0.3010299956639812	2.0757027	1.6691477	6.4983735	-2.7133615	0.35441858	0.15133338	2.3689692	0.259039	-0.0012474023	-0.008804128	0.98941845	4.1236343	-0.41787225	-0.01734604	1.2474141	0.011960211	0.11875	79.0	49.2257604598999	84000
21	16.573185	4.184698	24.645317	12.2231865	0.0	0.0	0.0	0.0	500.0	2.0	0.30103	0.0046189376	0.0	0.0	0.0	0.0	292.0	2.4653828	0.6743649	2.0	0.30103	0.0046189376	31.188442	0.5556754	31.88879	30.166227	0.0	0.0	0.0	0.0	500.0	2.0	0.3010299956639812	3.268793	1.6307061	7.885301	-0.20626073	0.20920318	0.16574597	2.326301	0.13227797	-0.0012152009	-0.014916394	0.51075304	0.028672755	-0.14942156	-0.026110072	1.2151842	0.015961517	0.249	6.0	51.374025106430054	88000
22	15.384581	7.380834	32.310333	5.7673554	0.0	0.0	0.0	0.0	500.0	2.0	0.30103	0.0044444446	1.0	0.0	1.0	1.0	305.0	2.4843	0.67777777	2.0	0.30103	0.0044444446	33.387566	0.047961492	33.464443	33.324516	0.0	0.0	0.0	0.0	500.0	2.0	0.3010299956639812	3.4857197	1.6813807	7.79959	-1.3689183	0.06145863	0.15666676	1.5808985	0.0	-0.001206819	-0.003193573	1.0202558	28.087618	-0.39148033	-6.7519507	1.2067976	0.01864316	0.2895	5.0	53.64896249771118	92000
23	19.467201	7.549896	32.023647	8.662183	0.0	0.0	0.0	0.0	500.0	2.0	0.30103	0.0043290043	0.6666667	0.47140452	1.0	0.0	311.0	2.4927604	0.6731602	2.0	0.30103	0.0043290043	30.331244	0.037114892	30.3966	30.261652	0.0	0.0	0.0	0.0	500.0	2.0	0.3010299956639812	4.311497	1.5878885	7.8935556	0.20979567	14.83114	5.312987	21.021547	7.357355	-0.001220353	-0.0018000416	1.0285469	16.461395	-0.3052219	-3.1173468	1.2203778	0.015509592	0.18675	4.0	55.91832947731018	96000
24	21.23838	3.826891	25.678148	13.549197	0.0	0.0	0.0	0.0	500.0	2.0	0.30103	0.0042462847	0.125	0.3307189	1.0	0.0	312.0	2.4941547	0.6624204	2.0	0.30103	0.0042462847	33.766335	0.06352335	33.8607	33.64572	0.0	0.0	0.0	0.0	500.0	2.0	0.3010299956639812	5.1797	1.4782538	8.723837	1.157038	6.263803	1.255274	9.020544	4.637688	-0.0012373589	-0.006028611	0.6443015	6.0743756	-0.2500896	-3.1806617	1.2373614	0.015989028	0.15125	5.0	58.065834045410156	100000
25	32.697525	5.3613505	40.85954	24.96652	0.0	0.0	0.0	0.0	500.0	2.0	0.30103	0.0041753654	0.0	0.0	0.0	0.0	312.0	2.4941547	0.651357	2.0	0.30103	0.0041753654	54.130814	0.10651894	54.25093	53.930336	0.0	0.0	0.0	0.0	500.0	2.0	0.3010299956639812	5.018893	1.6090299	9.485582	-0.25974336	1.0301814	0.1799224	2.9449167	0.9118371	-0.0012833569	-0.009869682	1.0238142	0.3838253	-0.56458133	-0.35192394	1.283331	0.018206928	0.22	4.0	60.22037696838379	104000
26	28.037012	13.918192	46.87414	6.262916	0.0	0.0	0.0	0.0	500.0	2.0	0.30103	0.004056795	0.6	0.48989794	1.0	0.0	318.0	2.502427	0.64503044	2.0	0.30103	0.004056795	58.531914	0.19310325	58.756386	58.180634	0.0	0.0	0.0	0.0	500.0	2.0	0.3010299956639812	6.6316643	1.5799934	10.349934	1.1930776	0.21207261	0.13761647	1.6561877	0.0	-0.0012828056	-0.0038928445	1.4749718	12.0465145	-0.29272467	-0.041633487	1.2828088	0.016869716	0.145	6.0	62.428091526031494	108000
27	36.303764	11.277752	55.533447	17.919102	0.0	0.0	0.0	0.0	500.0	2.0	0.30103	0.003960396	0.625	0.48412293	1.0	0.0	323.0	2.5092025	0.639604	2.0	0.30103	0.003960396	44.111885	0.19892223	44.367924	43.75884	0.0	0.0	0.0	0.0	500.0	2.0	0.3010299956639812	8.007209	1.260605	11.131405	2.933937	0.52033055	0.09556844	1.6556535	0.09358542	-0.0012718886	-0.0049919365	1.6944785	11.45173	-0.19675791	-0.027496338	1.2718937	0.015063943	0.223	9.0	64.62584495544434	112000
28	33.04432	12.550584	45.042053	5.7356725	0.0	0.0	0.0	0.0	500.0	2.0	0.30103	0.0038834952	0.25	0.4330127	1.0	0.0	325.0	2.5118833	0.63106793	2.0	0.30103	0.0038834952	38.73088	0.61578864	39.844994	37.865856	0.0	0.0	0.0	0.0	500.0	2.0	0.3010299956639812	8.681199	1.5701475	12.326037	3.9976676	0.8122928	0.08895141	1.4830106	0.03274606	-0.0012244284	-0.0057175495	1.0526323	4.206334	-0.17552473	-0.12886271	1.2244498	0.016282141	0.13675001	9.0	66.82285618782043	116000
29	29.04443	7.383149	39.182934	14.036695	0.0	0.0	0.0	0.0	500.0	2.0	0.30103	0.0038240917	0.0	0.0	0.0	0.0	325.0	2.5118833	0.6214149	2.0	0.30103	0.0038240917	55.030785	0.83529323	56.327908	53.271748	0.0	0.0	0.0	0.0	500.0	2.0	0.3010299956639812	7.8253064	1.6860868	12.169328	4.1987696	0.31088224	0.24166846	3.327413	0.21603157	-0.0011872798	-0.011437722	1.0068012	0.054488312	-0.3879768	-0.042030647	1.1872673	0.016180862	0.21724999	7.0	68.97612190246582	120000
30	30.788008	11.855941	51.325462	16.338572	0.0	0.0	0.0	0.0	500.0	2.0	0.30103	0.0037383179	0.625	0.48412293	1.0	0.0	330.0	2.518514	0.6168224	2.0	0.30103	0.0037383179	58.018997	0.3004729	58.42457	57.545456	0.0	0.0	0.0	0.0	500.0	2.0	0.3010299956639812	7.4020977	1.8935773	12.157299	2.6081872	0.072625704	0.046927635	0.40147883	0.0	-0.001185134	-0.007054434	1.5682032	11.240017	-0.24273884	-0.06928992	1.1851528	0.017386079	0.1445	6.0	71.16096353530884	124000
31	44.720306	6.809969	53.58705	33.193333	0.0	0.0	0.0	0.0	500.0	2.0	0.30103	0.0036697248	0.25	0.4330127	1.0	0.0	332.0	2.5211382	0.6091743	2.0	0.30103	0.0036697248	49.815025	0.2376861	50.05994	49.32325	0.0	0.0	0.0	0.0	500.0	2.0	0.3010299956639812	8.098444	1.6745169	12.70852	3.533825	0.55152965	0.09489377	1.5150005	0.38620782	-0.0012098551	-0.0027624667	1.4434009	4.7127156	-0.66913587	-0.027231317	1.2098498	0.016284123	0.17525	8.0	73.33727073669434	128000
